ID        CUDA   N  Model            PCIE  cpu_ghz  vCPUs     RAM  Disk   $/hr     DLP     DLP/$   score  NV Driver   Net_up  Net_down  R      Max_Days  mach_id  status    host_id  ports  country            
30076442  13.1  2x  RTX_PRO_6000_S   53.7  4.0      56.0    257.9  2714   1.6806   557.9   331.96  673.0  590.48.01   8379.5  9026.5    99.4   446.2     53165    verified  214845   3999   Czechia,_CZ        
27567357  13.0  2x  RTX_PRO_6000_S   54.3  4.4      32.0    386.9  309    1.4681   558.3   380.28  649.5  580.95.05   1529.0  6154.3    99.5   10.2      46672    verified  288273   249    Michigan,_US       
30076438  13.1  1x  RTX_PRO_6000_S   53.6  4.0      28.0    129.0  1357   0.8419   279.3   331.69  644.6  590.48.01   8379.5  9026.5    99.4   446.2     53165    verified  214845   1999   Czechia,_CZ        
30730469  13.0  2x  RTX_5090         54.1  2.6      80.0     96.4  1016   0.6161   388.4   630.48  616.7  580.95.05   578.2   1633.5    99.5   143.9     52507    verified  296571   198    California,_US     
27567360  13.0  1x  RTX_PRO_6000_S   54.3  4.4      16.0    193.5  155    0.7347   279.4   380.27  616.1  580.95.05   1529.0  6154.3    99.5   10.2      46672    verified  288273   124    Michigan,_US       
28272732  13.0  2x  RTX_PRO_6000_WS  23.1  2.3      96.0    515.9  2104   1.5747   493.1   313.16  612.9  580.105.08  3578.8  6113.5    99.9   63.0      8652     verified  9656     199    Spain,_ES          
29491052  13.0  1x  RTX_PRO_6000_WS  54.1  3.9      18.3    221.1  1470   0.8156   282.9   346.84  604.5  580.95.05   6538.6  6478.0    99.8   31.8      39274    verified  34031    14     Sweden,_SE         
27567401  13.0  4x  RTX_PRO_6000_S   54.3  4.4      64.0    773.9  1374   2.9347   920.0   313.49  590.4  580.95.05   4063.4  8151.1    99.8   10.2      46675    verified  288273   499    Michigan,_US       
29365769  13.0  1x  RTX_5090         54.1  2.6      40.0     48.2  676    0.3094   198.7   642.02  584.6  580.95.05   574.1   1621.3    99.6   141.5     52384    verified  296571   99     California,_US     
30076450  13.1  4x  RTX_PRO_6000_S   53.6  4.0      112.0   515.8  5428   3.3579   914.6   272.39  521.0  590.48.01   8379.5  9026.5    99.4   446.2     53165    verified  214845   7999   Czechia,_CZ        
28788684  13.0  2x  RTX_PRO_6000_WS  54.2  3.7      48.0    193.4  229    1.8690   565.4   302.54  520.4  580.126.09  3218.3  3893.4    99.4   203.0     5150     verified  18       62     Alberta,_CA        
28788681  13.0  1x  RTX_PRO_6000_WS  54.2  3.7      24.0     96.7  114    0.9356   281.4   300.75  507.0  580.126.09  3218.3  3893.4    99.4   203.0     5150     verified  18       31     Alberta,_CA        
30898386  13.0  2x  B200             52.9  2.3      48.0    774.0  10219  4.9424   1251.5  253.22  466.1  580.126.09  4160.0  7139.6    96.7   175.8     54583    verified  68137    2499   France,_FR         
27334657  12.9  1x  H200             52.9  1.8      24.0    258.0  634    2.1343   450.0   210.86  464.1  575.57.08   6667.9  7037.9    99.8   111.8     40514    verified  68137    1249   France,_FR         
28576019  13.0  2x  RTX_5060_Ti      13.8  2.6      24.0     64.4  727    0.1522   77.0    505.89  440.6  580.95.05   3237.8  3363.1    99.8   115.0     46741    verified  299337   49     Fujian,_CN         
30449880  12.8  1x  RTX_5080         9.3   2.5      16.0     32.2  348    0.1223   79.4    649.07  440.4  570.195.03  524.6   1541.2    99.0   84.5      46547    verified  344939   124    Japan,_JP          
31056578  13.0  1x  RTX_5090         55.0  2.4      48.0     96.7  1435   0.5219   202.6   388.17  440.0  580.105.08  3604.3  6013.6    99.1   192.8     16367    verified  81036    187    Hungary,_HU        
21829054  13.1  1x  H200_NVL         52.9  3.9      32.0    258.0  1705   2.0366   452.5   222.19  439.1  590.48.01   6734.4  8285.2    97.7   326.7     37586    verified  214845   1999   Czechia,_CZ        
28656624  12.9  8x  B200             55.0  2.2      240.0  3095.9  49867  26.6678  4735.9  177.59  429.2  575.57.08   4974.9  5019.8    99.9   114.6     42781    verified  224078   16383  Slovenia,_SI       
